,eV,nm,intensity
0,0.5,2479.68386,0.001562389070031758
1,0.51,2431.0626078431374,0.001571729976090326
2,0.52,2384.311403846154,0.0015811568383486392
3,0.53,2339.324396226415,0.001590670737719467
4,0.54,2296.003574074074,0.0016002727724992428
5,0.55,2254.2580545454543,0.0016099640587105822
6,0.56,2214.0034464285714,0.0016197457304528223
7,0.5700000000000001,2175.161280701754,0.0016296189402607974
8,0.58,2137.6585,0.0016395848594720828
9,0.59,2101.427,0.0016496446786029263
10,0.6,2066.403216666667,0.0016597996077331225
11,0.61,2032.5277540983607,0.0016700508769000653
12,0.62,1999.7450483870969,0.0016803997365022344
13,0.63,1968.0030634920636,0.0016908474577123818
14,0.64,1937.253015625,0.0017013953329006904
15,0.65,1907.4491230769231,0.0017120446760681743
16,0.66,1878.5483787878788,0.0017227968232906255
17,0.67,1850.510343283582,0.0017336531331733859
18,0.6799999999999999,1823.2969558823531,0.00174461498731727
19,0.69,1796.8723623188407,0.001755683790795939
20,0.7,1771.2027571428573,0.0017668609726450696
21,0.71,1746.2562394366198,0.001778147986363643
22,0.72,1722.0026805555558,0.0017895463104277076
23,0.73,1698.4136027397262,0.001801057448816984
24,0.74,1675.4620675675676,0.001812682931554669
25,0.75,1653.1225733333333,0.0018244243152608372
26,0.76,1631.370960526316,0.0018362831837198355
27,0.77,1610.1843246753247,0.0018482611484620774
28,0.78,1589.540935897436,0.0018603598493606608
29,0.79,1569.420164556962,0.0018725809552432617
30,0.8,1549.8024125,0.0018849261645197389
31,0.81,1530.669049382716,0.001897397205825935
32,0.8200000000000001,1512.0023536585365,0.0019099958386841495
33,0.8300000000000001,1493.7854578313252,0.0019227238541807941
34,0.8400000000000001,1476.0022976190476,0.0019355830756617408
35,0.8500000000000001,1458.6375647058824,0.0019485753594459068
36,0.86,1441.6766627906977,0.0019617025955576337
37,0.87,1425.1056666666668,0.0019749667084784277
38,0.88,1408.9112840909092,0.001988369657918666
39,0.89,1393.0808202247192,0.002001913439609878
40,0.9,1377.6021444444445,0.0020156000861182486
41,0.91,1362.4636593406594,0.002029431667679993
42,0.9199999999999999,1347.6542717391305,0.0020434102930592946
43,0.9299999999999999,1333.163365591398,0.0020575381104295212
44,0.94,1318.9807765957448,0.0020718173082784324
45,0.95,1305.0967684210527,0.0020862501163381657
46,0.96,1291.5020104166667,0.0021008388065407637
47,0.97,1278.187556701031,0.002115585694000083
48,0.98,1265.1448265306124,0.002130493138020914
49,0.99,1252.365585858586,0.002145563543136195
50,1.0,1239.84193,0.002160799360173236
51,1.01,1227.5662673267327,0.0021762030873498793
52,1.02,1215.5313039215687,0.002191777271401605
53,1.03,1203.7300291262136,0.002207524508740563
54,1.04,1192.155701923077,0.0022234474466476042
55,1.05,1180.801838095238,0.00223954878449841
56,1.06,1169.6621981132075,0.002255831275024829
57,1.07,1158.7307757009346,0.0022722977256126294
58,1.08,1148.001787037037,0.0022889509996368617
59,1.0899999999999999,1137.469660550459,0.0023057940178361235
60,1.1,1127.1290272727272,0.002322829759727029
61,1.1099999999999999,1116.974711711712,0.0023400612650602555
62,1.12,1107.0017232142857,0.0023574916353196066
63,1.13,1097.2052477876107,0.0023751240352655346
64,1.1400000000000001,1087.580640350877,0.0023929616945246998
65,1.15,1078.1234173913044,0.002411007909227128
66,1.1600000000000001,1068.82925,0.002429266043692653
67,1.17,1059.6939572649574,0.0024477395321683497
68,1.1800000000000002,1050.7134999999998,0.0024664318806187717
69,1.19,1041.883974789916,0.002485346668570845
70,1.2000000000000002,1033.2016083333333,0.0025044875510153676
71,1.21,1024.6627520661157,0.002523858260367138
72,1.22,1016.2638770491803,0.0025434626084858297
73,1.23,1008.0015691056911,0.0025633044887597538
74,1.24,999.8725241935484,0.0025833878782548694
75,1.25,991.873544,0.00260371683993134
76,1.26,984.0015317460318,0.0026242955249301597
77,1.27,976.2534881889763,0.0026451281749324085
78,1.28,968.6265078125,0.002666219124593826
79,1.29,961.1177751937985,0.002687572804057502
80,1.3,953.7245615384616,0.0027091937415476062
81,1.31,946.4442213740458,0.002731086566047198
82,1.32,939.2741893939394,0.0027532560100632856
83,1.33,932.211977443609,0.002775706912482468
84,1.3399999999999999,925.2551716417912,0.0027984442215205677
85,1.35,918.4014296296297,0.00282147299776992
86,1.3599999999999999,911.6484779411766,0.0028447984173480263
87,1.37,904.9941094890511,0.002868425775151542
88,1.38,898.4361811594204,0.0028923604882196666
89,1.3900000000000001,891.9726115107914,0.002916608099211259
90,1.4,885.6013785714287,0.0029411742800001155
91,1.4100000000000001,879.3205177304964,0.0029660648353931223
92,1.42,873.1281197183099,0.0029912857069761558
93,1.4300000000000002,867.0223286713286,0.0030168429770928446
94,1.44,861.0013402777779,0.0030427428729615405
95,1.4500000000000002,855.0633999999999,0.003068991770936105
96,1.46,849.2068013698631,0.0030955962009163295
97,1.47,843.4298843537415,0.0031225628509141527
98,1.48,837.7310337837838,0.0031498985717820557
99,1.49,832.108677852349,0.003177610382110351
100,1.5,826.5612866666667,0.003205705473300408
101,1.51,821.0873708609272,0.0032341912148211587
102,1.52,815.685480263158,0.003263075159656608
103,1.53,810.3542026143791,0.0032923650499524343
104,1.54,805.0921623376623,0.003322068822870155
105,1.55,799.8980193548388,0.0033521946166577467
106,1.56,794.770467948718,0.0033827507769460426
107,1.57,789.7082356687898,0.003413745863280693
108,1.58,784.710082278481,0.00344518865589996
109,1.59,779.7747987421384,0.0034770881627691165
110,1.6,774.90120625,0.003509453626882777
111,1.61,770.0881552795031,0.003542294533847052
112,1.62,765.334524691358,0.0035756206197540092
113,1.6300000000000001,760.6392208588957,0.0036094418793615824
114,1.6400000000000001,756.0011768292683,0.0036437685745927284
115,1.6500000000000001,751.4193515151514,0.003678611243368354
116,1.66,746.8927289156627,0.003713980708789281
117,1.67,742.4203173652695,0.00374988808868332
118,1.68,738.0011488095239,0.0037863448055343784
119,1.69,733.6342781065089,0.0038233625968114044
120,1.7,729.3187823529412,0.00386095352571594
121,1.71,725.0537602339182,0.003899129992368041
122,1.72,720.8383313953489,0.00393790474545141
123,1.73,716.6716358381503,0.003977290894339698
124,1.74,712.5528333333334,0.004017301921727156
125,1.75,708.4811028571429,0.004057951696788068
126,1.76,704.4556420454546,0.004099254488890761
127,1.77,700.4756666666667,0.004141224981893457
128,1.78,696.5404101123596,0.004183878289050672
129,1.79,692.649122905028,0.0042272299685606205
130,1.8,688.8010722222223,0.004271296039785677
131,1.81,684.9955414364641,0.004316093000179922
132,1.82,681.2318296703297,0.004361637842959609
133,1.83,677.5092513661202,0.004407948075554625
134,1.84,673.8271358695653,0.004455041738881112
135,1.85,670.184827027027,0.00450293742747787
136,1.86,666.581682795699,0.004551654310551641
137,1.87,663.0170748663102,0.004601212153979088
138,1.8800000000000001,659.4903882978723,0.00465163134331612
139,1.8900000000000001,656.0010211640212,0.004702932907868375
140,1.9000000000000001,652.5483842105263,0.0047551385458798
141,1.91,649.1319005235603,0.004808270650899925
142,1.92,645.7510052083334,0.00486235233939407
143,1.93,642.4051450777202,0.004917407479664771
144,1.94,639.0937783505155,0.004973460722156979
145,1.95,635.8163743589744,0.0050305375312242
146,1.96,632.5724132653062,0.005088664218437626
147,1.97,629.3613857868021,0.005147867977525614
148,1.98,626.182792929293,0.005208176921036485
149,1.99,623.0361457286432,0.005269620118823691
150,2.0,619.920965,0.005332227638458918
151,2.01,616.8367810945274,0.005396030587685642
152,2.02,613.7831336633664,0.0054610611590332255
153,2.0300000000000002,610.7595714285713,0.005527352676719598
154,2.04,607.7656519607843,0.0055949396459794324
155,2.05,604.8009414634147,0.005663857804963874
156,2.06,601.8650145631068,0.00573414417936806
157,2.0700000000000003,598.9574541062801,0.005805837139953511
158,2.08,596.0778509615385,0.005878976463144089
159,2.09,593.2258038277513,0.005953603394886963
160,2.1,590.400919047619,0.0060297607179834655
161,2.1100000000000003,587.6028104265403,0.006107492823109584
162,2.12,584.8310990566038,0.006186845783761644
163,2.13,582.08541314554,0.006267867435379974
164,2.14,579.3653878504673,0.006350607458921866
165,2.1500000000000004,576.670665116279,0.006435117469175392
166,2.16,574.0008935185185,0.006521451108127397
167,2.17,571.3557281105991,0.006609664143722699
168,2.1799999999999997,568.7348302752295,0.0066998145743771085
169,2.19,566.1378675799087,0.0067919627396349335
170,2.2,563.5645136363636,0.0068861714373917565
171,2.21,561.014447963801,0.006982506048136369
172,2.2199999999999998,558.487355855856,0.007081034666701475
173,2.23,555.982928251121,0.007181828242051884
174,2.24,553.5008616071428,0.007284960725681431
175,2.25,551.0408577777778,0.007390509229236314
176,2.26,548.6026238938053,0.007498554192033119
177,2.27,546.185872246696,0.007609179559195124
178,2.2800000000000002,543.7903201754385,0.007722472971191022
179,2.29,541.4156899563319,0.007838525965626354
180,2.3,539.0617086956522,0.007957434192210379
181,2.31,536.7281082251083,0.008079297641900544
182,2.3200000000000003,534.414625,0.008204220891313856
183,2.33,532.121,0.008332313363590178
184,2.34,529.8469786324787,0.008463689606997477
185,2.35,527.5923106382978,0.008598469592684743
186,2.3600000000000003,525.3567499999999,0.008736779033115618
187,2.37,523.1400548523206,0.008878749722856107
188,2.38,520.941987394958,0.009024519903544408
189,2.39,518.7623138075314,0.00917423465504184
190,2.4000000000000004,516.6008041666666,0.009328046314952846
191,2.41,514.4572323651453,0.00948611492891082
192,2.42,512.3313760330578,0.009648608734258367
193,2.4299999999999997,510.22301646090546,0.009815704680006941
194,2.44,508.13193852459017,0.009987588986246028
195,2.45,506.0579306122449,0.010164457746488689
196,2.46,504.0007845528456,0.010346517576792611
197,2.4699999999999998,501.96029554655877,0.010533986315888278
198,2.48,499.9362620967742,0.010727093780983594
199,2.49,497.92848594377506,0.010926082584403137
200,2.5,495.936772,0.011131209016766598
201,2.5100000000000002,493.96092828685255,0.011342744003022652
202,2.52,492.0007658730159,0.011560974138340067
203,2.5300000000000002,490.05609881422924,0.011786202811627762
204,2.54,488.1267440944882,0.012018751425319966
205,2.55,486.2125215686275,0.012258960721036587
206,2.56,484.31325390625,0.012507192221825853
207,2.57,482.42876653696504,0.012763829802934832
208,2.58,480.55888759689924,0.013029281404453792
209,2.59,478.7034478764479,0.013303980900764983
210,2.6,476.8622807692308,0.01358839014352467
211,2.61,475.0352222222223,0.013883001196948045
212,2.62,473.2221106870229,0.014188338786490281
213,2.63,471.4227870722434,0.014504962984662797
214,2.64,469.6370946969697,0.014833472160746718
215,2.65,467.8648792452831,0.015174506224619688
216,2.66,466.1059887218045,0.01552875019887251
217,2.67,464.3602734082397,0.015896938157934828
218,2.68,462.6275858208955,0.016279857578156316
219,2.69,460.907780669145,0.016678354148810248
220,2.7,459.20071481481483,0.017093337100940027
221,2.71,457.50624723247233,0.017525785119012656
222,2.72,455.8242389705882,0.017976752909670986
223,2.73,454.1545531135531,0.018447378512713587
224,2.74,452.49705474452554,0.018938891452054175
225,2.75,450.85161090909094,0.019452621839144608
226,2.7600000000000002,449.2180905797101,0.019990010558585743
227,2.77,447.59636462093863,0.020552620685868262
228,2.7800000000000002,445.9863057553957,0.02114215031096153
229,2.79,444.38778853046597,0.0217604469694932
230,2.8000000000000003,442.80068928571427,0.022409523916389475
231,2.81,441.2248861209965,0.02309157851610287
232,2.82,439.6602588652483,0.023809013070213183
233,2.83,438.1066890459364,0.024564458458792765
234,2.84,436.56405985915495,0.025360801038397173
235,2.85,435.03225614035085,0.02620121331923382
236,2.86,433.5111643356644,0.02708918903989713
237,2.87,432.0006724738676,0.028028583373680655
238,2.88,430.50067013888895,0.029023659140409785
239,2.89,429.0110484429066,0.03007914006766492
240,2.9,427.53170000000006,0.031200272352297578
241,2.91,426.06251890034366,0.03239289602626041
242,2.92,424.60340068493156,0.03366352794130086
243,2.93,423.1542423208191,0.03501945856938824
244,2.94,421.71494217687075,0.03646886528810962
245,2.95,420.2854,0.0380209454059914
246,2.96,418.8655168918919,0.03968607291154015
247,2.97,417.45519528619525,0.041475983839916936
248,2.98,416.0543389261745,0.0434039962915005
249,2.99,414.66285284280934,0.045485272570063164
250,3.0,413.28064333333333,0.04773713271563269
251,3.0100000000000002,411.9076179401993,0.050179430991967415
252,3.02,410.5436854304636,0.05283500978333855
253,3.0300000000000002,409.18875577557753,0.055730249028215016
254,3.04,407.842740131579,0.05889573397981955
255,3.0500000000000003,406.5055508196721,0.062367069996326234
256,3.06,405.17710130718956,0.06618588053944004
257,3.07,403.8573061889251,0.07040103395529657
258,3.08,402.54608116883117,0.07507015629240797
259,3.09,401.2433430420712,0.08026150167082538
260,3.1,399.9490096774194,0.08605626858871834
261,3.11,398.663,0.09255146942636445
262,3.12,397.385233974359,0.09986347925670955
263,3.13,396.11563258785947,0.10813240395110846
264,3.14,394.8541178343949,0.11752740573831968
265,3.15,393.6006126984127,0.12825308488764964
266,3.16,392.3550411392405,0.14055689591715465
267,3.17,391.1173280757098,0.15473729351129578
268,3.18,389.8873993710692,0.1711517054737516
269,3.19,388.66518181818185,0.19022224860759884
270,3.2,387.450603125,0.212434890927262
271,3.21,386.24359190031157,0.23832385798376604
272,3.22,385.04407763975155,0.2684267441551481
273,3.23,383.8519907120743,0.30318694875845353
274,3.24,382.667262345679,0.3427716017802783
275,3.25,381.48982461538463,0.38677609763804266
276,3.2600000000000002,380.31961042944783,0.4338269609681276
277,3.27,379.1565535168196,0.4812109652013972
278,3.2800000000000002,378.00058841463414,0.5248497638619215
279,3.29,376.8516504559271,0.5600479168542891
280,3.3000000000000003,375.7096757575757,0.5831248419725505
281,3.31,374.5746012084592,0.5932096468277351
282,3.32,373.44636445783135,0.5929263489943473
283,3.33,372.32490390390393,0.5873981624357891
284,3.34,371.21015868263476,0.582358051487313
285,3.35,370.1020686567164,0.5825760141709904
286,3.36,369.00057440476195,0.5910916783043422
287,3.37,367.9056172106825,0.6089690554778061
288,3.38,366.81713905325444,0.6351104874071111
289,3.39,365.7350825958702,0.6659447747013805
290,3.4,364.6593911764706,0.6952808507080571
291,3.41,363.590008797654,0.7150565453976933
292,3.42,362.5268801169591,0.7175887681676796
293,3.43,361.4699504373178,0.6987167374551599
294,3.44,360.41916569767443,0.6597537497674298
295,3.45,359.3744724637681,0.6065988216597569
296,3.46,358.33581791907517,0.5468035983960472
297,3.47,357.30314985590775,0.4868514942918652
298,3.48,356.2764166666667,0.43096241513435296
299,3.49,355.25556733524354,0.38120545051510774
300,3.5,354.24055142857145,0.3381508275685489
301,3.5100000000000002,353.2313190883191,0.30152262817359354
302,3.52,352.2278210227273,0.27066066374074405
303,3.5300000000000002,351.2300084985836,0.24479162622402087
304,3.54,350.23783333333336,0.22316673659690062
305,3.5500000000000003,349.2512478873239,0.20512047056830376
306,3.56,348.2702050561798,0.19008765600185573
307,3.5700000000000003,347.2946582633053,0.17760088581414127
308,3.58,346.324561452514,0.16728001589610145
309,3.59,345.35986908077996,0.15881959670780685
310,3.6,344.40053611111114,0.1519768985976119
311,3.61,343.4465180055402,0.14656157349895246
312,3.62,342.49777071823206,0.1424272258817223
313,3.63,341.5542506887053,0.13946483317867137
314,3.64,340.61591483516486,0.13759783976520817
315,3.65,339.6827205479452,0.13677873478635819
316,3.66,338.7546256830601,0.13698695552014656
317,3.67,337.83158855585833,0.13822800678091265
318,3.68,336.91356793478263,0.14053373974458086
319,3.69,336.00052303523034,0.14396378317541839
320,3.7,335.0924135135135,0.14860815959870025
321,3.71,334.1891994609165,0.15459113747371572
322,3.72,333.2908413978495,0.16207634614892033
323,3.73,332.3973002680965,0.1712730703340019
324,3.74,331.5085374331551,0.18244336242665327
325,3.75,330.6245146666667,0.1959090110487196
326,3.7600000000000002,329.74519414893615,0.21205621002645406
327,3.77,328.87053846153844,0.23133352904840465
328,3.7800000000000002,328.0005105820106,0.2542348201803214
329,3.79,327.13507387862796,0.28125224481061056
330,3.8000000000000003,326.2741921052631,0.31277557867322237
331,3.81,325.4178293963255,0.3489052460844412
332,3.8200000000000003,324.5659502617801,0.38914930683332233
333,3.83,323.71851958224545,0.4320155783638814
334,3.84,322.8755026041667,0.47462810043770765
335,3.85,322.03686493506495,0.512692486685744
336,3.86,321.2025725388601,0.5412471871790641
337,3.87,320.37259173126614,0.5563164445124326
338,3.88,319.5468891752578,0.5567331331085292
339,3.89,318.7254318766067,0.5448364968089755
340,3.9,317.9081871794872,0.5254683412013486
341,3.91,317.0951227621483,0.5040851720147299
342,3.92,316.2862066326531,0.4852445060030005
343,3.93,315.48140712468194,0.4719970553935081
344,3.94,314.68069289340104,0.4659345239367753
345,3.95,313.8840329113924,0.46742970851863747
346,3.96,313.0913964646465,0.4757652684374198
347,3.97,312.3027531486146,0.489074445264442
348,3.98,311.5180728643216,0.5042221169488234
349,3.99,310.73732581453635,0.5169397393603049
350,4.0,309.9604825,0.5225804655376731
351,4.01,309.18751371571074,0.5175327150279523
352,4.02,308.4183905472637,0.5006373715539698
353,4.03,307.65308436724564,0.4736020790442241
354,4.04,306.8915668316832,0.4400746644589552
355,4.050000000000001,306.1338098765432,0.40410465590008987
356,4.0600000000000005,305.3797857142857,0.36897281298290385
357,4.07,304.6294668304668,0.336769707044469
358,4.08,303.88282598039217,0.3085215947853644
359,4.09,303.1398361858191,0.2845207347586546
360,4.1,302.40047073170734,0.26464122841340626
361,4.109999999999999,301.66470316301707,0.24856471154371626
362,4.12,300.9325072815534,0.23591737404114912
363,4.13,300.20385714285715,0.2263435775977898
364,4.140000000000001,299.47872705314006,0.21954080779822346
365,4.15,298.75709156626505,0.2152735833828254
366,4.16,298.03892548076925,0.21337723507438788
367,4.17,297.32420383693045,0.21375780176573986
368,4.18,296.61290191387565,0.21639146248768812
369,4.1899999999999995,295.90499522673036,0.22132534431336046
370,4.2,295.2004595238095,0.22868071747053886
371,4.21,294.499270783848,0.2386591573314401
372,4.220000000000001,293.80140521327013,0.25155196842573313
373,4.23,293.1068392434988,0.26775280536709517
374,4.24,292.4155495283019,0.28777270541443206
375,4.25,291.7275129411765,0.3122552026679342
376,4.26,291.04270657277,0.3419860074809627
377,4.27,290.3611077283373,0.37788551716573165
378,4.28,289.68269392523365,0.42096109156924094
379,4.29,289.0074428904429,0.47217739053115404
380,4.300000000000001,288.3353325581395,0.5321779780952016
381,4.3100000000000005,287.6663410672854,0.6007734653519349
382,4.32,287.00044675925926,0.676147550673335
383,4.33,286.3376281755196,0.7539206079014464
384,4.34,285.67786405529955,0.826637644135787
385,4.35,285.02113333333335,0.8847016561827674
386,4.359999999999999,284.3674151376147,0.9194161761985852
387,4.37,283.7166887871854,0.9269334037048104
388,4.38,283.0689337899544,0.9101070439605713
389,4.390000000000001,282.4241298405467,0.8765698537318298
390,4.4,281.7822568181818,0.8348993288298527
391,4.41,281.1432947845805,0.7919372595037362
392,4.42,280.5072239819005,0.7523144622852506
393,4.43,279.8740248306998,0.719208289984567
394,4.4399999999999995,279.243677927928,0.6951154279628513
395,4.45,278.61616404494384,0.6821838977333843
396,4.46,277.9914641255605,0.6822393717680778
397,4.470000000000001,277.3695592841163,0.6967037175900349
398,4.48,276.7504308035714,0.7264065377978626
399,4.49,276.13406013363027,0.7711281532882157
400,4.5,275.5204288888889,0.8286906301823219
401,4.51,274.90951884700667,0.893612804765845
402,4.5200000000000005,274.3013119469026,0.9559373792771919
403,4.53,273.6957902869757,1.0017593878163504
404,4.54,273.092936123348,1.0171166142947567
405,4.55,272.4927318681319,0.994405618637036
406,4.5600000000000005,271.89516008771926,0.936632837076956
407,4.57,271.3002035010941,0.8554359401346034
408,4.58,270.70784497816595,0.7648308750193803
409,4.59,270.11806753812635,0.6759695841102752
410,4.6,269.5308543478261,0.5954079310470671
411,4.61,268.94618872017355,0.5258592884534451
412,4.62,268.36405411255413,0.46765542597284987
413,4.63,267.78443412526997,0.41995076692031846
414,4.64,267.2073125,0.3814587352160091
415,4.65,266.63267311827957,0.3508163779864307
416,4.66,266.0605,0.3267189572841131
417,4.67,265.4907773019272,0.3079320702790482
418,4.68,264.92348931623934,0.29325389348721215
419,4.69,264.3586204690831,0.2814819935795813
420,4.7,263.7961553191489,0.27143050985556527
421,4.71,263.2360785562633,0.2620269968625431
422,4.72,262.678375,0.25247606215008067
423,4.73,262.1230295983087,0.24241429380305407
424,4.74,261.5700274261603,0.2319511393792941
425,4.75,261.01935368421056,0.22155104616598656
426,4.76,260.470993697479,0.2118237502680836
427,4.7700000000000005,259.9249329140461,0.20333866458544966
428,4.78,259.3811569037657,0.19653103221484924
429,4.79,258.8396513569937,0.19169395235093026
430,4.8,258.3004020833334,0.18901556126043162
431,4.8100000000000005,257.763395010395,0.18862477375207806
432,4.82,257.22861618257264,0.19062544062836081
433,4.83,256.69605175983435,0.19511070647167167
434,4.84,256.1656880165289,0.2021537976466781
435,4.8500000000000005,255.63751134020617,0.2117715713640646
436,4.86,255.11150823045267,0.2238575067941472
437,4.87,254.58766529774127,0.2380867329133117
438,4.88,254.06596926229508,0.25381207113196097
439,4.89,253.54640695296527,0.2699950437453717
440,4.9,253.02896530612244,0.28522999469459914
441,4.91,252.51363136456212,0.2978912396152277
442,4.92,252.0003922764228,0.3063658591506119
443,4.93,251.48923529411766,0.3093032969867289
444,4.94,250.98014777327936,0.3058629872053517
445,4.95,250.47311717171718,0.29596007788051193
446,4.96,249.9681310483871,0.28040165318941
447,4.97,249.46517706237427,0.2607456399926202
448,4.98,248.96424297188753,0.23888311465581147
449,4.99,248.46531663326653,0.21656484311409044
450,5.0,247.968386,0.19509902436734952
451,5.01,247.4734391217565,0.17527996832258702
452,5.0200000000000005,246.98046414342627,0.1574709029444942
453,5.03,246.48944930417494,0.14173908955120063
454,5.04,246.00038293650795,0.12797926339981136
455,5.05,245.51325346534657,0.11600280504765398
456,5.0600000000000005,245.02804940711462,0.10559339150274077
457,5.07,244.54475936883628,0.0965378064615865
458,5.08,244.0633720472441,0.08864081080873808
459,5.09,243.58387622789786,0.08173074181654418
460,5.1000000000000005,243.10626078431372,0.07566016841385363
461,5.11,242.63051467710372,0.07030417517339886
462,5.12,242.156626953125,0.06555770600011242
463,5.13,241.6845867446394,0.06133271312409524
464,5.14,241.21438326848252,0.05755546776704064
465,5.15,240.74600582524272,0.05416417801500998
466,5.16,240.27944379844962,0.05110695099765275
467,5.17,239.81468665377176,0.04834008466967732
468,5.18,239.35172393822396,0.04582665290137224
469,5.19,238.89054527938342,0.043535341433579504
470,5.2,238.4311403846154,0.0414394934891398
471,5.21,237.9734990403071,0.0395163281968731
472,5.22,237.51761111111114,0.037746300304603284
473,5.23,237.06346653919692,0.036112574892437854
474,5.24,236.61105534351145,0.034600595499641354
475,5.25,236.16036761904763,0.033197728104354854
476,5.26,235.7113935361217,0.031892966747609636
477,5.2700000000000005,235.26412333965843,0.030676689337359755
478,5.28,234.81854734848486,0.029540454391582222
479,5.29,234.37465595463138,0.02847683126951658
480,5.3,233.93243962264154,0.027479257876293548
481,5.3100000000000005,233.49188888888887,0.026541920976674887
482,5.32,233.05299436090226,0.025659655175045693
483,5.33,232.61574671669794,0.024827857357315866
484,5.34,232.18013670411986,0.024042413983173815
485,5.3500000000000005,231.74615514018691,0.023299639093870464
486,5.36,231.31379291044775,0.022596221285014744
487,5.37,230.88304096834264,0.021929178204447685
488,5.38,230.4538903345725,0.02129581738697456
489,5.39,230.026332096475,0.020693702442316744
490,5.4,229.60035740740742,0.02012062377942418
491,5.41,229.17595748613678,0.019574573186658995
492,5.42,228.75312361623617,0.019053721699205717
493,5.43,228.33184714548804,0.018556400277077813
494,5.44,227.9121194852941,0.018081082893014556
495,5.45,227.49393211009175,0.017626371692404292
496,5.46,227.07727655677655,0.017190983939534433
497,5.47,226.66214442413164,0.016773740507900835
498,5.48,226.24852737226277,0.016373555708570797
499,5.49,225.83641712204007,0.015989428280959103
500,5.5,225.42580545454547,0.015620433395871344
501,5.51,225.01668421052634,0.015265715542135808
502,5.5200000000000005,224.60904528985506,0.0149244821862657
503,5.53,224.2028806509946,0.014595998109932477
504,5.54,223.79818231046931,0.014279580343045668
505,5.55,223.39494234234235,0.01397459362130766
506,5.5600000000000005,222.99315287769784,0.01368044630655254
507,5.57,222.59280610412927,0.013396586716249805
508,5.58,222.19389426523298,0.01312249981546774
509,5.59,221.79640966010734,0.012857704230530334
510,5.6000000000000005,221.40034464285714,0.01260174954871118
511,5.61,221.00569162210337,0.012354213872716253
512,5.62,220.61244306049824,0.012114701602516738
513,5.63,220.22059147424514,0.011882841420393716
514,5.64,219.83012943262415,0.011658284457919206
515,5.65,219.44104955752212,0.011440702626089209
516,5.66,219.0533445229682,0.011229787091993682
517,5.67,218.66700705467375,0.011025246887302024
518,5.68,218.28202992957748,0.010826807635499572
519,5.69,217.89840597539543,0.010634210386260695
520,5.7,217.51612807017543,0.010447210546618147
521,5.71,217.13518914185642,0.010265576899707075
522,5.72,216.7555821678322,0.010089090702848634
523,5.73,216.37730017452006,0.00991754485760679
524,5.74,216.0003362369338,0.009750743145220639
525,5.75,215.6246834782609,0.009588499521493658
526,5.76,215.25033506944447,0.009430637465824171
527,5.7700000000000005,214.8772842287695,0.009276989379595327
528,5.78,214.5055242214533,0.009127396029618274
529,5.79,214.13504835924007,0.008981706032744813
530,5.8,213.76585000000003,0.00883977537814319
531,5.8100000000000005,213.39792254733217,0.0087014669840665
532,5.82,213.03125945017183,0.008566650286244369
533,5.83,212.6658542024014,0.008435200855297227
534,5.84,212.30170034246578,0.00830700004081402
535,5.8500000000000005,211.93879145299144,0.008181934639950131
536,5.86,211.57712116040955,0.008059896588596977
537,5.87,211.21668313458264,0.007940782673349134
538,5.88,210.85747108843537,0.00782449426265268
539,5.89,210.49947877758916,0.0077109370556599855
540,5.9,210.1427,0.007600020847444338
541,5.91,209.78712859560068,0.00749165930934362
542,5.92,209.43275844594595,0.0073857697833066725
543,5.93,209.07958347386173,0.007282273089211048
544,5.94,208.72759764309762,0.007181093344206496
545,5.95,208.3767949579832,0.007082157793216701
546,5.96,208.02716946308726,0.006985396649802321
547,5.97,207.67871524288108,0.006890742946653132
548,5.98,207.33142642140467,0.006798132395035301
549,5.99,206.98529716193656,0.006707503252573457
550,6.0,206.64032166666667,0.006618796198795664
551,6.01,206.29649417637273,0.006531954217914086
552,6.0200000000000005,205.95380897009966,0.006446922488354456
553,6.03,205.61226036484246,0.006363648278584743
554,6.04,205.2718427152318,0.00628208084882717
555,6.05,204.93255041322317,0.0062021713582690995
556,6.0600000000000005,204.59437788778877,0.0061238727774165095
557,6.07,204.25731960461286,0.00604713980526016
558,6.08,203.9213700657895,0.005971928790948357
559,6.09,203.5865238095238,0.00589819765968252
560,6.1000000000000005,203.25277540983606,0.005825905842571788
561,6.11,202.9201194762684,0.00575501421020178
562,6.12,202.58855065359478,0.00568548500968964
563,6.13,202.25806362153347,0.00561728180501354
564,6.14,201.92865309446256,0.0055503694204192275
565,6.15,201.6003138211382,0.005484713886719853
566,6.16,201.27304058441558,0.005420282390317725
567,6.17,200.94682820097245,0.00535704322478805
568,6.18,200.6216715210356,0.005294965744875621
569,6.19,200.29756542810986,0.005234020322765011
570,6.2,199.9745048387097,0.005174178306494134
571,6.21,199.6524847020934,0.0051154119803893975
572,6.22,199.3315,0.005057694527408623
573,6.23,199.01154574638844,0.0050009999932850956
574,6.24,198.6926169871795,0.004945303252372968
575,6.25,198.3747088,0.0048905799751003546
576,6.26,198.05781629392973,0.004836806596942557
577,6.2700000000000005,197.7419346092504,0.004783960288833049
578,6.28,197.42705891719746,0.004732018928935056
579,6.29,197.11318441971383,0.0046809610757011675
580,6.3,196.80030634920635,0.004630765942152965
581,6.3100000000000005,196.48841996830427,0.004581413371316533
582,6.32,196.17752056962024,0.004532883812753768
583,6.33,195.86760347551342,0.004485158300132689
584,6.34,195.5586640378549,0.004438218429783611
585,6.3500000000000005,195.25069763779527,0.004392046340190821
586,6.36,194.9436996855346,0.004346624692372576
587,6.37,194.6376656200942,0.004301936651104715
588,6.38,194.33259090909092,0.004257965866945973
589,6.39,194.02847104851332,0.004214696459025247
590,6.4,193.7253015625,0.004172112998553409
591,6.41,193.42307800312014,0.0041302004930243484
592,6.42,193.12179595015579,0.004088944371071804
593,6.43,192.82145101088648,0.004048330467950518
594,6.44,192.52203881987577,0.0040083450116118234
595,6.45,192.22355503875968,0.003968974609345516
596,6.46,191.92599535603716,0.003930206234961271
597,6.47,191.62935548686247,0.003892027216484425
598,6.48,191.3336311728395,0.0038544252243421498
599,6.49,191.0388181818182,0.003817388260017426
600,6.5,190.74491230769232,0.003780904645149296
601,6.51,190.4519093701997,0.0037449630110591276
602,6.5200000000000005,190.15980521472392,0.003709552288683556
603,6.53,189.868595712098,0.0036746616988958345
604,6.54,189.5782767584098,0.0036402807431982096
605,6.55,189.28884427480918,0.00360639919476888
606,6.5600000000000005,189.00029420731707,0.003573007089847869
607,6.57,188.71262252663624,0.0035400947194469765
608,6.58,188.42582522796354,0.0035076526213696367
609,6.59,188.13989833080427,0.0034756715725273407
610,6.6000000000000005,187.85483787878786,0.00344414258153979
611,6.61,187.57063993948563,0.003413056881606706
612,6.62,187.2873006042296,0.0033824059236396893
613,6.63,187.00481598793365,0.0033521813696431976
614,6.640000000000001,186.72318222891565,0.003322375086334146
615,6.65,186.44239548872181,0.00329297913899019
616,6.66,186.16245195195197,0.003263985785517166
617,6.67,185.88334782608698,0.0032353874707267026
618,6.68,185.60507934131738,0.0032071768208153436
619,6.69,185.32764275037368,0.0031793466380369726
620,6.7,185.0510343283582,0.0031518898955607394
621,6.71,184.77525037257826,0.003124799732506937
622,6.72,184.50028720238097,0.0030980694491538003
623,6.73,184.2261411589896,0.003071692502308323
624,6.74,183.95280860534126,0.0030456625008346673
625,6.75,183.68028592592594,0.003019973201333897
626,6.76,183.40856952662722,0.0029946185039691608
627,6.7700000000000005,183.13765583456424,0.002969592448430625
628,6.78,182.8675412979351,0.0029448892100347626
629,6.79,182.59822238586156,0.0029205030959527996
630,6.8,182.3296955882353,0.0028964285415633874
631,6.8100000000000005,182.06195741556533,0.0028726601069247724
632,6.82,181.795004398827,0.00284919247336192
633,6.83,181.52883308931186,0.00282602044016425
634,6.84,181.26344005847955,0.002803138921389869
635,6.8500000000000005,180.99882189781022,0.0027805429427722977
636,6.86,180.7349752186589,0.002758227638725907
637,6.87,180.47189665211064,0.0027361882494463963
638,6.88,180.20958284883721,0.0027144201181028655
639,6.890000000000001,179.948030478955,0.0026929186881180893
640,6.9,179.68723623188404,0.0026716795005338337
641,6.91,179.4271968162084,0.002650698191458086
642,6.92,179.16790895953758,0.002629970489591313
643,6.93,178.90936940836943,0.002609492213828869
644,6.94,178.65157492795387,0.0025892592709368754
645,6.95,178.39452230215826,0.0025692676532989562
646,6.96,178.13820833333335,0.002549513436731317
647,6.97,177.8826298421808,0.0025299927783638027
648,6.98,177.62778366762177,0.0025107019145846035
649,6.99,177.37366666666668,0.0024916371590464224
650,7.0,177.12027571428573,0.002472794900731944
651,7.01,176.86760770328104,0.0024541716020766097
652,7.0200000000000005,176.61565954415954,0.0024357637971467016
653,7.03,176.36442816500713,0.0024175680898708795
654,7.04,176.11391051136366,0.0023995811523233237
655,7.05,175.8641035460993,0.0023817997230567837
656,7.0600000000000005,175.6150042492918,0.0023642206054838265
657,7.07,175.36660961810466,0.00234684066630469
658,7.08,175.11891666666668,0.002329656833980176
659,7.09,174.87192242595205,0.002312666097248108
660,7.1000000000000005,174.62562394366196,0.0022958655036819076
661,7.11,174.38001828410688,0.0022792521582899188
662,7.12,174.1351025280899,0.0022628232221541225
663,7.13,173.89087377279102,0.0022465759111070026
664,7.140000000000001,173.64732913165264,0.0022305074944452873
665,7.15,173.40446573426573,0.0022146152936794185
666,7.16,173.162280726257,0.002198896681317553
667,7.17,172.92077126917712,0.0021833490796830494
668,7.18,172.67993454038998,0.0021679699597643358
669,7.19,172.43976773296245,0.0021527568400961463
670,7.2,172.20026805555557,0.0021377072856711503
671,7.21,171.96143273231624,0.0021228189068809933
672,7.22,171.7232590027701,0.002108089358485861
673,7.23,171.48574412171507,0.002093516338611662
674,7.24,171.24888535911603,0.0020790975877739808
675,7.25,171.01268000000002,0.0020648308879279674
676,7.26,170.77712534435264,0.0020507140615433836
677,7.2700000000000005,170.54221870701514,0.0020367449707040172
678,7.28,170.30795741758243,0.0020229215162307457
679,7.29,170.0743388203018,0.002009241636827503
680,7.3,169.8413602739726,0.0019957033082494955
681,7.3100000000000005,169.60901915184678,0.0019823045424929592
682,7.32,169.37731284153006,0.0019690433870058494
683,7.33,169.14623874488404,0.0019559179239188097
684,7.34,168.91579427792917,0.0019429262692958387
685,7.3500000000000005,168.6859768707483,0.0019300665724040625
686,7.36,168.45678396739132,0.0019173370150020594
687,7.37,168.2282130257802,0.0019047358106461711
688,7.38,168.00026151761517,0.0018922612040143106
689,7.390000000000001,167.77292692828146,0.0018799114702467224
690,7.4,167.54620675675676,0.0018676849143032359
691,7.41,167.32009851551956,0.0018555798703365
692,7.42,167.09459973045824,0.0018435947010807812
693,7.43,166.86970794078064,0.0018317277972558462
694,7.44,166.64542069892474,0.0018199775769855147
695,7.45,166.4217355704698,0.001808342485230469
696,7.46,166.19865013404825,0.0017968209932349012
697,7.47,165.97616198125837,0.001785411597986626
698,7.48,165.75426871657754,0.0017741128216902707
699,7.49,165.53296795727638,0.0017629232112531855
700,7.5,165.31225733333335,0.0017518413377837028
701,7.51,165.09213448735022,0.0017408657961014266
702,7.5200000000000005,164.87259707446808,0.0017299952042591996
703,7.53,164.6536427622842,0.0017192282030764443
704,7.54,164.43526923076922,0.0017085634556835397
705,7.55,164.21747417218543,0.0016979996470769686
706,7.5600000000000005,164.0002552910053,0.0016875354836849072
707,7.57,163.7836103038309,0.0016771696929430045
708,7.58,163.56753693931398,0.0016669010228800409
709,7.59,163.35203293807643,0.0016567282417132428
710,7.6000000000000005,163.13709605263156,0.0016466501374529546
711,7.61,162.92272404730616,0.0016366655175164503
712,7.62,162.70891469816274,0.001626773208350612
713,7.63,162.4956657929227,0.0016169720550632636
714,7.640000000000001,162.28297513089004,0.001607260921062924
715,7.65,162.0708405228758,0.0015976386877067526
716,7.66,161.85925979112272,0.001588104253956474
717,7.67,161.64823076923076,0.001578656536042082
718,7.68,161.43775130208334,0.001569294467133106
719,7.69,161.22781924577373,0.0015600169970172615
720,7.7,161.01843246753248,0.0015508230917862735
721,7.71,160.80958884565501,0.001541711733528704
722,7.72,160.60128626943006,0.0015326819200295954
723,7.73,160.39352263906855,0.0015237326644767597
724,7.74,160.18629586563307,0.0015148629951735424
725,7.75,159.97960387096774,0.0015060719552578922
726,7.76,159.7734445876289,0.001497358602427589
727,7.7700000000000005,159.56781595881594,0.0014887220086714577
728,7.78,159.36271593830335,0.0014801612600064376
729,7.79,159.15814249037228,0.001471675456220335
730,7.8,158.9540935897436,0.0014632637106201482
731,7.8100000000000005,158.7505672215109,0.0014549251497857959
732,7.82,158.54756138107416,0.001446658913329138
733,7.83,158.3450740740741,0.0014384641536581437
734,7.84,158.14310331632655,0.0014303400357460869
735,7.8500000000000005,157.94164713375795,0.001422285736905643
736,7.86,157.74070356234097,0.0014143004465677733
737,7.87,157.54027064803049,0.0014063833660652619
738,7.88,157.34034644670052,0.0013985337084208203
739,7.890000000000001,157.14092902408112,0.0013907506981396243
740,7.9,156.9420164556962,0.001383033571006189
741,7.91,156.7436068268015,0.0013753815738854697
742,7.92,156.54569823232325,0.0013677939645281
743,7.93,156.34828877679698,0.0013602700113796505
744,7.94,156.1513765743073,0.0013528089933938288
745,7.95,155.95495974842768,0.0013454101998495182
746,7.96,155.7590364321608,0.0013380729301715611
747,7.97,155.56360476787955,0.0013307964937552118
748,7.98,155.36866290726817,0.0013235802097941577
749,7.99,155.17420901126408,0.001316423407112036
750,8.0,154.98024125,0.001309325423997356
751,8.01,154.78675780274656,0.0013022856080417552
752,8.02,154.59375685785537,0.0012953033159815047
753,8.030000000000001,154.40123661270235,0.001288377913542194
754,8.04,154.20919527363185,0.0012815087752865268
755,8.05,154.0176310559006,0.0012746952844651257
756,8.06,153.82654218362282,0.0012679368328703349
757,8.07,153.635926889715,0.0012612328206928886
758,8.08,153.4457834158416,0.0012545826563814225
759,8.09,153.25611001236095,0.001247985756504749
760,8.100000000000001,153.0669049382716,0.0012414415456168306
761,8.11,152.87816646115908,0.001234949456124404
762,8.120000000000001,152.68989285714284,0.001228508928157167
763,8.129999999999999,152.50208241082413,0.0012221194094405178
764,8.14,152.3147334152334,0.0012157803551707282
765,8.15,152.12784417177915,0.0012094912278925627
766,8.16,151.94141299019608,0.0012032514973792279
767,8.17,151.7554381884945,0.001197060640514646
768,8.18,151.56991809290955,0.0011909181411779762
769,8.190000000000001,151.384851037851,0.001184823490130342
770,8.2,151.20023536585367,0.0011787761849037233
771,8.21,151.01606942752738,0.001172775729691939
772,8.219999999999999,150.83235158150853,0.0011668216352437226
773,8.23,150.6490801944107,0.001160913418757784
774,8.24,150.4662536407767,0.001155050603779876
775,8.25,150.2838703030303,0.00114923272010177
776,8.26,150.10192857142857,0.0011434593036621346
777,8.27,149.92042684401451,0.001137729896449262
778,8.280000000000001,149.73936352657003,0.0011320440464055986
779,8.29,149.55873703256938,0.001126401307334059
780,8.3,149.37854578313252,0.0011208012388060525
781,8.31,149.19878820697954,0.0011152434060712345
782,8.32,149.01946274038463,0.0011097273799688914
783,8.33,148.84056782713085,0.001104252736840967
784,8.34,148.66210191846523,0.0010988190584466746
785,8.350000000000001,148.48406347305388,0.0010934259318786668
786,8.36,148.30645095693782,0.001088072949480735
787,8.370000000000001,148.12926284348865,0.0010827597087669865
788,8.379999999999999,147.95249761336518,0.0010774858123425107
789,8.39,147.7761537544696,0.0010722508678254429
790,8.4,147.60022976190476,0.0010670544877704623
791,8.41,147.42472413793104,0.0010618962895936378
792,8.42,147.249635391924,0.0010567758954986332
793,8.43,147.07496204033217,0.0010516929324042204
794,8.440000000000001,146.90070260663506,0.001046647031873087
795,8.45,146.72685562130178,0.0010416378300419102
796,8.46,146.5534196217494,0.0010366649675526529
797,8.469999999999999,146.38039315230228,0.001031728089485097
798,8.48,146.20777476415094,0.001026826845290537
799,8.49,146.03556301531214,0.0010219608887266619
800,8.5,145.86375647058824,0.0010171298777935573
801,8.51,145.69235370152762,0.0010123334746708396
802,8.52,145.521353286385,0.0010075713456558738
803,8.53,145.35075381008207,0.0010028431611030734
804,8.540000000000001,145.18055386416862,0.0009981485953642428
805,8.55,145.0107520467836,0.000993487326729961
806,8.56,144.84134696261683,0.0009888590373719622
807,8.57,144.67233722287048,0.0009842634132865176
808,8.58,144.50372144522146,0.0009797001442387809
809,8.59,144.33549825378347,0.0009751689237080897
810,8.6,144.16766627906978,0.0009706694488341957
811,8.61,144.00022415795587,0.0009662014203644106
812,8.620000000000001,143.8331705336427,0.0009617645426016491
813,8.63,143.66650405561992,0.0009573585233533521
814,8.64,143.50022337962963,0.0009529830738812667
815,8.65,143.33432716763005,0.0009486379088520774
816,8.66,143.1688140877598,0.0009443227462888612
817,8.67,143.0036828143022,0.0009400373075233594
818,8.68,142.83893202764978,0.000935781317149045
819,8.69,142.67456041426928,0.0009315545029749701
820,8.7,142.51056666666668,0.0009273565959803837
821,8.71,142.34694948335246,0.0009231873302700973
822,8.72,142.18370756880734,0.0009190464430305959
823,8.73,142.02083963344788,0.0009149336744868621
824,8.74,141.8583443935927,0.0009108487678599194
825,8.75,141.69622057142857,0.0009067914693250685
826,8.76,141.5344668949772,0.0009027615279708079
827,8.77,141.3730820980616,0.0008987586957584242
828,8.78,141.21206492027338,0.0008947827274822425
829,8.790000000000001,141.0514141069397,0.0008908333807305194
830,8.8,140.8911284090909,0.0008869104158469758
831,8.81,140.73120658342793,0.0008830135958929421
832,8.82,140.57164739229026,0.0008791426866101234
833,8.83,140.41244960362403,0.0008752974563839584
834,8.84,140.25361199095025,0.0008714776762075673
835,8.85,140.09513333333334,0.0008676831196462779
836,8.86,139.9370124153499,0.0008639135628027168
837,8.870000000000001,139.7792480270575,0.0008601687842824565
838,8.88,139.62183896396397,0.0008564485651602131
839,8.89,139.46478402699663,0.0008527526889465714
840,8.9,139.30808202247192,0.0008490809415552441
841,8.91,139.1517317620651,0.0008454331112708433
842,8.92,138.99573206278026,0.0008418089887171618
843,8.93,138.8400817469205,0.0008382083668259498
844,8.94,138.68477964205817,0.0008346310408061836
845,8.95,138.5298245810056,0.0008310768081138127
846,8.96,138.3752154017857,0.0008275454684219782
847,8.97,138.22095094760311,0.0008240368235916986
848,8.98,138.06703006681514,0.0008205506776430024
849,8.99,137.91345161290323,0.0008170868367265172
850,9.0,137.76021444444444,0.0008136451090954893
851,9.01,137.60731742508324,0.0008102253050782413
852,9.02,137.45475942350333,0.0008068272370510473
853,9.03,137.3025393133998,0.000803450719411429
854,9.040000000000001,137.1506559734513,0.0008000955685518559
855,9.05,136.9991082872928,0.0007967616028338531
856,9.06,136.84789514348785,0.0007934486425624952
857,9.07,136.69701543550167,0.0007901565099612952
858,9.08,136.546468061674,0.0007868850291474711
859,9.09,136.39625192519253,0.0007836340261075857
860,9.1,136.24636593406595,0.0007804033286735566
861,9.11,136.0968090010977,0.0007771927664990253
862,9.120000000000001,135.94758004385963,0.0007740021710360815
863,9.13,135.79867798466594,0.0007708313755123394
864,9.14,135.65010175054704,0.0007676802149083507
865,9.15,135.50185027322405,0.000764548525935361
866,9.16,135.35392248908298,0.0007614361470133939
867,9.17,135.2063173391494,0.0007583429182496608
868,9.18,135.05903376906318,0.0007552686814172926
869,9.19,134.91207072905334,0.0007522132799343838
870,9.200000000000001,134.76542717391303,0.000749176558843346
871,9.21,134.61910206297503,0.0007461583647905696
872,9.22,134.47309436008678,0.0007431585460063755
873,9.23,134.32740303358614,0.00074017695228527
874,9.24,134.18202705627706,0.0007372134349664823
875,9.25,134.0369654054054,0.0007342678469147896
876,9.26,133.89221706263498,0.0007313400425016188
877,9.27,133.74778101402376,0.0007284298775864242
878,9.28,133.60365625,0.0007255372094983354
879,9.290000000000001,133.45984176533906,0.0007226618970180693
880,9.3,133.31633655913978,0.0007198038003601059
881,9.31,133.1731396348013,0.0007169627811551162
882,9.32,133.03025,0.0007141387024326479
883,9.33,132.88766666666666,0.0007113314286040552
884,9.34,132.7453886509636,0.0007085408254456757
885,9.35,132.60341497326203,0.0007057667600822461
886,9.36,132.46174465811967,0.0007030091009705544
887,9.370000000000001,132.32037673425828,0.0007002677178833245
888,9.38,132.17931023454156,0.0006975424818933306
889,9.39,132.03854419595314,0.000694833265357734
890,9.4,131.89807765957445,0.0006921399419026434
891,9.41,131.75790967056324,0.0006894623864078916
892,9.42,131.61803927813165,0.0006868004749920286
893,9.43,131.47846553552492,0.0006841540849975206
894,9.44,131.3391875,0.0006815230949761621
895,9.450000000000001,131.20020423280423,0.0006789073846746875
896,9.46,131.06151479915434,0.0006763068350205864
897,9.47,130.9231182682154,0.0006737213281081132
898,9.48,130.78501371308016,0.000671150747184495
899,9.49,130.64720021074817,0.0006685949766363259
900,9.5,130.50967684210528,0.0006660539019761545
901,9.51,130.37244269190327,0.0006635274098292533
902,9.52,130.2354968487395,0.0006610153879205712
903,9.53,130.09883840503673,0.000658517725061865
904,9.540000000000001,129.96246645702305,0.000656034311139008
905,9.55,129.82638010471203,0.0006535650370994738
906,9.56,129.69057845188286,0.0006511097949399868
907,9.57,129.5550606060606,0.0006486684776943454
908,9.58,129.41982567849686,0.0006462409794214092
909,9.59,129.28487278415017,0.0006438271951932486
910,9.6,129.1502010416667,0.0006414270210834569
911,9.61,129.01580957336108,0.0006390403541556184
912,9.620000000000001,128.8816975051975,0.0006366670924519327
913,9.63,128.7478639667705,0.000634307134981995
914,9.64,128.61430809128632,0.0006319603817117212
915,9.65,128.48102901554404,0.0006296267335524284
916,9.66,128.34802587991717,0.0006273060923500556
917,9.67,128.21529782833505,0.0006249983608745336
918,9.68,128.08284400826446,0.0006227034428092927
919,9.69,127.95066357069145,0.0006204212427409119
920,9.700000000000001,127.81875567010309,0.0006181516661489051
921,9.71,127.68711946446962,0.0006158946193956442
922,9.72,127.55575411522634,0.0006136500097164114
923,9.73,127.42465878725591,0.0006114177452095878
924,9.74,127.29383264887063,0.0006091977348269676
925,9.75,127.16327487179488,0.0006069898883642026
926,9.76,127.03298463114754,0.0006047941164513686
927,9.77,126.90296110542478,0.0006026103305436595
928,9.78,126.77320347648264,0.0006004384429121987
929,9.790000000000001,126.64371092951991,0.0005982783666349742
930,9.8,126.51448265306122,0.0005961300155878908
931,9.81,126.38551783893986,0.0005939933044359349
932,9.82,126.25681568228106,0.0005918681486244597
933,9.83,126.12837538148526,0.0005897544643705796
934,9.84,126.0001961382114,0.0005876521686546763
935,9.85,125.87227715736041,0.0005855611792120154
936,9.86,125.74461764705883,0.0005834814145244695
937,9.870000000000001,125.61721681864235,0.0005814127938123493
938,9.88,125.49007388663968,0.000579355237026339
939,9.89,125.36318806875632,0.000577308664839532
940,9.9,125.23655858585859,0.0005752729986395733
941,9.91,125.11018466195762,0.0005732481605208989
942,9.92,124.98406552419355,0.0005712340732770739
943,9.93,124.85820040281975,0.0005692306603932296
944,9.94,124.73258853118713,0.0005672378460385945
945,9.950000000000001,124.60722914572864,0.0005652555550591219
946,9.96,124.48212148594376,0.0005632837129702092
947,9.97,124.35726479438314,0.0005613222459495085
948,9.98,124.23265831663326,0.0005593710808298289
949,9.99,124.10830130130131,0.0005574301450921277
950,10.0,123.984193,0.0005554993668585891
